OPIS Truckstop ID,Truckstop_Name,Address,City,State,Rack_ID,Average_Retail_Price,Highest_Price,city_lat,city_lon,row_index,Geocoded_Lat,Geocoded_Lon,Matched_Address,Query_Used,Attempt,Geocode_Status,Done
52423,PILOT TRAVEL CENTER #908- TOWN PUMP,"I-15 & I-90, EXIT 122",Butte,MT,816,3.56566666,3.56566666,45.902,-112.6571,1352,46.00505,-112.61172,,"PILOT TRAVEL CENTER #908- TOWN PUMP, I-15 & I-90, EXIT 122, Butte, MT",1,OK,done
52426,J MART #322,"I-65, EXIT 322",Falkville,AL,615,3.199,3.199,34.3793,-86.9086,1353,34.36333,-86.8912,,"J MART #322, I-65, EXIT 322, Falkville, AL",1,OK,done
52427,PILOT TRAVEL CENTERS #340,"I-80, EXIT 46",Fernley,NV,966,3.91566666,3.91566666,39.5627,-119.1906,1354,39.60655,-119.25257,,"PILOT TRAVEL CENTERS #340, I-80, EXIT 46, Fernley, NV",1,OK,done
52428,PILOT TRAVEL CENTERS #338,"I-26, EXIT 115 & US-321",West Columbia,SC,135,3.499,3.499,33.9932,-81.0936,1355,33.93012,-81.07771,,"PILOT TRAVEL CENTERS #338, I-26, EXIT 115 & US-321, West Columbia, SC",1,OK,done
52430,CHEVRON FOOD MART,"I-75, EXIT 350 & SR-2",Ringgold,GA,285,2.859,2.859,34.9136,-85.1215,1356,34.92808,-85.15222,,"CHEVRON FOOD MART, I-75, EXIT 350 & SR-2, Ringgold, GA",1,OK,done
52431,WOODBINE TRAVEL CENTER,"I-95, EXIT 14",Woodbine,GA,75,3.03233333,3.03233333,30.9598,-81.7176,1357,30.93949,-81.68612,,"WOODBINE TRAVEL CENTER, I-95, EXIT 14, Woodbine, GA",1,OK,done
52435,CM WINNERS CHOICE,"I-10 & SR-108, EXIT 23",Sulphur,LA,690,3.299,3.299,30.2286,-93.3566,1358,30.21131,-93.32566,,"CM WINNERS CHOICE, I-10, Sulphur, LA",2,OK,done
52438,NEW MADRID,"I-55, EXIT 52/SR-P",New Madrid,MO,275,3.269,3.269,36.5878,-89.5505,1359,36.66857,-89.53823,,"NEW MADRID, I-55, EXIT 52/SR-P, New Madrid, MO",1,OK,done
52439,CIRCLE K #2723395,US-11,Hattiesburg,MS,620,3.199,3.199,31.3074,-89.317,1360,31.2567,-89.33836,,"CIRCLE K #2723395, US-11, Hattiesburg, MS",1,OK,done
52441,PILOT #6990,"I-95, EXIT 106",Kenly,NC,205,3.709,3.709,35.5885,-78.137,1361,35.57601,-78.15084,,"PILOT #6990, I-95, EXIT 106, Kenly, NC",1,OK,done
52450,PILOT #1290,"I-35, EXIT 410 & US-77",Red Oak,TX,630,3.299,3.299,32.5212,-96.7866,1362,31.5201,-97.08513,,"PILOT #1290, I-35, EXIT 410 & US-77, Red Oak, TX",1,OK,done
52452,PLAINVIEW TRAVEL PLAZA,"US-41, EXIT 113 & SR-26",Oshkosh,WI,444,3.199,3.199,44.0227,-88.5619,1363,43.89528,-88.62988,,"PLAINVIEW TRAVEL PLAZA, US-41, EXIT 113 & SR-26, Oshkosh, WI",1,OK,done
52454,PILOT TRAVEL CENTERS #6,"I-70, EXIT 178 & SR-209",Cambridge,OH,315,3.509,3.509,40.0221,-81.5869,1364,40.02442,-81.59013,,"PILOT TRAVEL CENTERS #6, I-70, EXIT 178 & SR-209, Cambridge, OH",1,OK,done
52455,LOVES TRAVEL STOP #266,"I-35, EXIT 32",Ardmore,OK,253,3.649,3.649,34.1949,-97.1256,1365,34.18823,-97.17082,,"LOVES TRAVEL STOP #266, I-35, EXIT 32, Ardmore, OK",1,OK,done
52456,PILOT TRAVEL CENTERS #317,"I-44, EXIT 4 (ST 435)",Joplin,MO,277,3.41233333,3.41233333,37.0757,-94.5018,1366,38.87282,-92.9151,,"PILOT TRAVEL CENTERS #317, I-44, EXIT 4 (ST 435), Joplin, MO",1,OK,done
52458,PILOT TRAVEL CENTERS #332,"I-40, EXIT 161 & SR-391",North Little Rock,AR,695,3.238,3.239,34.7807,-92.2371,1367,34.74546,-92.12842,,"PILOT TRAVEL CENTERS #332, I-40, EXIT 161 & SR-391, North Little Rock, AR",1,OK,done
52461,FLORENCE VALERO,US-130,Burlington,NJ,160,3.13566666,3.13566666,nan,nan,1368,40.09602,-74.80726,,"FLORENCE VALERO, US-130, Burlington, NJ",1,OK,done
52463,PILOT TRAVEL CENTERS #341,"I-15, EXIT 48",North Las Vegas,NV,910,3.69566666,3.69566666,36.2883,-115.0888,1369,36.24069,-115.09785,,"PILOT TRAVEL CENTERS #341, I-15, EXIT 48, North Las Vegas, NV",1,OK,done
52464,7-ELEVEN #40118,ST 220 & I-180,Muncy,PA,138,4.359,4.359,41.2021,-76.7854,1370,41.23795,-76.81252,,"7-ELEVEN #40118, ST 220 & I-180, Muncy, PA",1,OK,done
52465,FLYING J TRAVEL PLAZA #605,"I-40, EXIT 84",Russellville,AR,695,3.369,3.369,35.2762,-93.1383,1371,35.28371,-93.09009,,"FLYING J TRAVEL PLAZA #605, I-40, EXIT 84, Russellville, AR",1,OK,done
52466,FLYING J TRAVEL PLAZA #784,"I-95, EXIT 100 & SR-272",North East,MD,22,4.199,4.199,39.6076,-75.9414,1372,39.59945,-75.94247,,"FLYING J TRAVEL PLAZA #784, I-95, EXIT 100 & SR-272, North East, MD",1,OK,done
52467,FLYING J TRAVEL PLAZA #712,"I-20, EXIT 70",Columbia,SC,135,3.43233333,3.43233333,34.0378,-80.9036,1373,34.06468,-81.02351,,"FLYING J TRAVEL PLAZA #712, I-20, EXIT 70, Columbia, SC",1,OK,done
52468,FLYING J TRAVEL PLAZA #703,"I-40, EXIT 140",Oklahoma City,OK,483,3.309,3.309,35.4676,-97.5136,1374,35.45895,-97.68987,,"FLYING J TRAVEL PLAZA #703, I-40, EXIT 140, Oklahoma City, OK",1,OK,done
52469,LOVES TRAVEL STOPS #269,US-287/US-82/SR-79 & US-281,Wichita Falls,TX,770,3.136,3.149,33.9072,-98.5291,1375,33.83317,-98.48813,,"LOVES TRAVEL STOPS #269, US-287/US-82/SR-79 & US-281, Wichita Falls, TX",1,OK,done
52470,QUIKTRIP #562,"I-80, EXIT 136",Des Moines,IA,320,3.04733333,3.04733333,41.5725,-93.6105,1376,41.57145,-93.61513,,"QUIKTRIP #562, I-80, EXIT 136, Des Moines, IA",1,OK,done
52471,FLYING J TRAVEL PLAZA #695,"I-75, EXIT 135",Beaverdam,OH,411,3.33066666,3.33066666,40.8328,-83.9739,1377,40.83257,-83.96642,,"FLYING J TRAVEL PLAZA #695, I-75, EXIT 135, Beaverdam, OH",1,OK,done
52472,FLYING J TRAVEL PLAZA #708,"I-81, EXIT 52",Carlisle,PA,70,4.109,4.109,40.2,-77.2034,1378,40.23383,-77.12208,,"FLYING J TRAVEL PLAZA #708, I-81, EXIT 52, Carlisle, PA",1,OK,done
52473,FLYING J TRAVEL PLAZA #743,"I-15, EXIT 222",Nephi,UT,835,3.71566666,3.71566666,39.7069,-111.8326,1379,39.68525,-111.8371,,"FLYING J TRAVEL PLAZA #743, I-15, EXIT 222, Nephi, UT",1,OK,done
52474,PILOT TRAVEL CENTERS #17,"I-94, EXIT 104",Battle Creek,MI,406,3.979000000000001,3.999,42.2985,-85.2296,1380,42.30341,-85.08234,,"PILOT TRAVEL CENTERS #17, I-94, EXIT 104, Battle Creek, MI",1,OK,done
52477,PETRO FARGO #361,"I-94, EXIT 348",Fargo,ND,341,3.499,3.499,46.8651,-96.8292,1381,46.85231,-96.91179,,"PETRO FARGO #361, I-94, EXIT 348, Fargo, ND",1,OK,done
52478,LOVES TRAVEL STOP #418,"I-64, EXIT 172",Grayson,KY,255,3.75566666,3.75566666,38.3317,-82.9371,1382,38.34114,-82.94231,,"LOVES TRAVEL STOP #418, I-64, EXIT 172, Grayson, KY",1,OK,done
52479,PETRO CARNESVILLE #377,"I-85, EXIT 160",Carnesville,GA,16,3.154,3.154,34.3729,-83.2328,1383,34.37201,-83.235,,"PETRO CARNESVILLE #377, I-85, EXIT 160, Carnesville, GA",1,OK,done
52480,LOVES TRAVEL STOP #268,US6-9 & US-75,Atoka,OK,253,3.489,3.489,34.386,-96.1317,1384,34.36731,-96.14091,,"LOVES TRAVEL STOP #268, US6-9 & US-75, Atoka, OK",1,OK,done
52482,KING TRAVEL PLAZA,"I-95, EXIT 6",Kingsland,GA,75,3.109,3.109,30.8194,-81.7216,1385,30.8008,-81.68008,,"KING TRAVEL PLAZA, I-95, EXIT 6, Kingsland, GA",1,OK,done
52483,FLYING J TRAVEL PLAZA #659,"I-70, EXIT 253",Salina,KS,523,3.77233333,3.77233333,38.8136,-97.6143,1386,,,"ERROR: 403 Denied: {""message"":""Missing Authentication Token""}",,99,ERROR,not done
52484,KWIK STAR #303,"I-80, EXIT 201 & US-21",Brooklyn,IA,380,3.129,3.129,41.732,-92.445,1387,41.69058,-92.35785,,"KWIK STAR #303, I-80, EXIT 201 & US-21, Brooklyn, IA",1,OK,done
52493,10 ACRE TRUCKSTOP,"HWY-401, EXIT 53B & HWY 1",Belleville,ON,420,3.4299393350000003,3.48592833,nan,nan,1388,44.20961,-77.34246,,"10 ACRE TRUCKSTOP, HWY-401, EXIT 53B & HWY 1, Belleville, ON",1,OK,done
52510,Valero,SR-9,Maysville,KY,312,3.599,3.599,38.6455,-83.7911,1389,38.64671,-83.76235,,"Valero, SR-9, Maysville, KY",1,OK,done
52511,JOES JUNCTION #9,"I-65, RAYMOND EXIT",Indianapolis,IN,375,3.459,3.459,39.7771,-86.1458,1390,39.73707,-86.15693,,"JOES JUNCTION #9, I-65, RAYMOND EXIT, Indianapolis, IN",1,OK,done
52512,LOVES TRAVEL STOPS #270,"I-20, EXIT 349",Ranger,TX,575,3.201,3.213,32.4693,-98.6751,1391,32.48778,-98.56149,,"LOVES TRAVEL STOPS #270, I-20, EXIT 349, Ranger, TX",1,OK,done
52513,FLYING J TRAVEL PLAZA #678,"I-20 & I-55, EXIT 47",Pearl,MS,760,3.149,3.149,32.273,-90.0918,1392,32.27731,-90.16064,,"FLYING J TRAVEL PLAZA #678, I-20 & I-55, EXIT 47, Pearl, MS",1,OK,done
52514,FLYING J TRAVEL PLAZA #671,"I-55, EXIT 58",Matthews,MO,275,3.239,3.239,36.7584,-89.5688,1393,36.75998,-89.54084,,"FLYING J TRAVEL PLAZA #671, I-55, EXIT 58, Matthews, MO",1,OK,done
52516,FLYING J TRAVEL PLAZA #612,"I-40, EXIT 255",Winslow,AZ,930,3.624,3.624,35.0243,-110.7095,1394,35.01548,-110.67467,,"FLYING J TRAVEL PLAZA #612, I-40, EXIT 255, Winslow, AZ",1,OK,done
52517,STRIPES 7FLEET #42562,US-84 & US-385,Littlefield,TX,700,3.199,3.199,33.9192,-102.3348,1395,33.90425,-102.33222,,"STRIPES 7FLEET #42562, US-84 & US-385, Littlefield, TX",1,OK,done
52520,DANDY MINI MART #19,"ROUTE 17, EXIT 59-A",Sayre,PA,190,3.99233333,3.99233333,41.9856,-76.5207,1396,41.99858,-76.58735,,"DANDY MINI MART #19, ROUTE 17, EXIT 59-A, Sayre, PA",1,OK,done
52527,PETRO STOPPING CENTER #323,"I-75, EXIT 368",Reddick,FL,225,3.35233333,3.35233333,29.3687,-82.1976,1397,29.40847,-82.24644,,"PETRO STOPPING CENTER #323, I-75, EXIT 368, Reddick, FL",1,OK,done
52528,QUIKTRIP #150,"I-70, EXIT 28",Oak Grove,MO,400,2.959,2.959,39.0075,-94.1282,1398,39.01309,-94.12797,,"QUIKTRIP #150, I-70, EXIT 28, Oak Grove, MO",1,OK,done
52529,BIG SKY TRUCK STOP,"I-15, EXIT 56 N",Dillon,MT,786,3.689,3.689,45.218,-112.6345,1399,44.79301,-112.76438,,"BIG SKY TRUCK STOP, I-15, EXIT 56 N, Dillon, MT",1,OK,done
52531,FLYING J FUEL STOP #768,"I-435, EXIT 57",Kansas City,MO,400,3.38233333,3.38233333,39.1238,-94.5541,1400,39.24995,-94.75523,,"FLYING J FUEL STOP #768, I-435, EXIT 57, Kansas City, MO",1,OK,done
52534,LEES FOOD MART #1122,"I-75, EXIT 122 & SR-61",Clinton,TN,405,2.969,2.969,36.0981,-84.1283,1401,36.09834,-84.13254,,"LEES FOOD MART #1122, I-75, EXIT 122 & SR-61, Clinton, TN",1,OK,done
52535,PWI #115,"I-45, EXIT 178",Buffalo,TX,765,2.899,2.899,31.46,-96.066,1402,31.46073,-96.0844,,"PWI #115, I-45, EXIT 178, Buffalo, TX",1,OK,done
52537,TA Express Osseo #431,"I-94, EXIT 88",Osseo,WI,448,3.469,3.469,44.5795,-91.212,1403,44.57523,-91.20188,,"TA Express Osseo #431, I-94, EXIT 88, Osseo, WI",1,OK,done
52539,PILOT TRAVEL CENTERS #331,"I-285 , EXIT 51",Atlanta,GA,18,3.599,3.599,33.7628,-84.422,1404,33.51776,-84.66998,,"PILOT TRAVEL CENTERS #331, I-285 , EXIT 51, Atlanta, GA",1,OK,done
52541,PANTRY TRUCKSTOP,US-2/US-41,Rapid River,MI,360,3.405666666666667,3.499,45.9264,-86.9743,1405,45.92668,-86.97475,,"PANTRY TRUCKSTOP, US-2/US-41, Rapid River, MI",1,OK,done
52542,FLYING J TRAVEL PLAZA #624,"I-75, EXIT 285 & SR-52",San Antonio,FL,225,3.599,3.599,28.3395,-82.2786,1406,28.33124,-82.3243,,"I-75 EXIT 285, San Antonio, FL",4,OK,done
52546,CIRCLE K #2723910,US-84 & US-27,Bainbridge,GA,20,3.599,3.599,30.9052,-84.5732,1407,30.88815,-84.56538,,"CIRCLE K #2723910, Bainbridge, GA",3,OK,done
52548,Henderson Fuel Mart,"I-80, EXIT 342",Henderson,NE,350,2.899,2.899,40.78,-97.8117,1408,,,"ERROR: 403 Denied: {""message"":""Missing Authentication Token""}",,99,ERROR,not done
52549,SPEEDWAY #3328,"I-77, EXIT 159 A",Cleveland,OH,305,3.799,3.799,41.4764,-81.6805,1409,41.45053,-81.65685,,"SPEEDWAY #3328, I-77, EXIT 159 A, Cleveland, OH",1,OK,done
52550,PILOT TRAVEL CENTERS #404,"I-24, EXIT 81 SE",Murfreesboro,TN,460,3.47233333,3.47233333,35.849,-86.4121,1410,35.8078,-86.39603,,"PILOT TRAVEL CENTERS #404, I-24, EXIT 81 SE, Murfreesboro, TN",1,OK,done
52551,PILOT TRAVEL CENTERS #374,"I-10, EXIT 142 & SR-71",Marianna,FL,20,3.599,3.599,30.7943,-85.2259,1411,30.72571,-85.18766,,"PILOT TRAVEL CENTERS #374, I-10, EXIT 142 & SR-71, Marianna, FL",1,OK,done
52552,FLYING J TRAVEL PLAZA #672,"I-49/US-71, EXIT167 & CR-J",Peculiar,MO,400,3.42233333,3.42233333,38.7306,-94.4735,1412,38.72338,-94.45227,,"FLYING J TRAVEL PLAZA #672, I-49/US-71, EXIT167 & CR-J, Peculiar, MO",1,OK,done
52553,FLYING J TRAVEL PLAZA #689,"I-40, EXIT 153",Albuquerque,NM,580,3.549,3.549,35.1054,-106.6465,1413,35.0795,-106.74574,,"FLYING J TRAVEL PLAZA #689, Albuquerque, NM",3,OK,done
52557,SPRINT MART #40,US-72 & SR-247,Tuscumbia,AL,615,3.189,3.189,34.7204,-87.7035,1414,34.63581,-87.90278,,"SPRINT MART #40, US-72 & SR-247, Tuscumbia, AL",1,OK,done
52558,LOVES TRAVEL STOP #271,"I-40, EXIT 37 & US-219",Ozark,AR,695,3.39233333,3.39233333,35.4991,-93.8438,1415,35.51147,-93.82234,,"LOVES TRAVEL STOP #271, I-40, EXIT 37 & US-219, Ozark, AR",1,OK,done
52562,MOBIL,"I-87, EXIT 36                 ",Plattsburgh,NY,39,3.799,3.799,44.6951,-73.4563,1416,44.78084,-73.43512,,"MOBIL, I-87, EXIT 36                 , Plattsburgh, NY",1,OK,done
52563,FLYING J TRAVEL PLAZA #631,"I-75, EXIT 2",Lake Park,GA,20,3.32233333,3.32233333,30.6851,-83.1873,1417,30.64814,-83.19346,,"I-75 EXIT 2, Lake Park, GA",4,OK,done
52564,FLYING J TRAVEL PLAZA #669,"I-44, EXIT 11A & US-71/SR-249 & SR-FF",Joplin,MO,277,3.41233333,3.41233333,37.0757,-94.5018,1418,,,"ERROR: 403 Denied: {""message"":""Missing Authentication Token""}",,99,ERROR,not done
52565,PILOT TRAVEL CENTERS #377,"I-35, EXIT 13",Laredo,TX,693,3.599,3.599,27.5625,-99.4874,1419,27.68411,-99.46145,,"PILOT TRAVEL CENTERS #377, I-35, EXIT 13, Laredo, TX",1,OK,done
52566,YUMM,"I-35, EXIT 8",Laredo,TX,598,2.87566666,2.87566666,27.5625,-99.4874,1420,27.68478,-99.46364,,"YUMM, I-35, EXIT 8, Laredo, TX",1,OK,done
52575,PILOT TRAVEL CENTERS #775,"I-15, EXIT 4",Saint George,UT,910,3.67566666,3.67566666,nan,nan,1421,37.0606,-113.58216,,"PILOT TRAVEL CENTERS #775, I-15, EXIT 4, Saint George, UT",1,OK,done
52577,PILOT TRAVEL CENTER #329,"I-29 & I-80, EXIT 1B",Council Bluffs,IA,319,3.659,3.659,41.2369,-95.8516,1422,41.23561,-95.87878,,"PILOT TRAVEL CENTER #329, I-29 & I-80, EXIT 1B, Council Bluffs, IA",1,OK,done
52580,LOVES TRAVEL STOP #405,"I-95, EXIT 29",Brunswick,GA,75,3.355,3.389,31.1449,-81.4746,1423,31.13663,-81.57164,,"LOVES TRAVEL STOP #405, I-95, EXIT 29, Brunswick, GA",1,OK,done
52581,TA WILLCOX TRAVEL CENTER,"I-10, EXIT 340",Willcox,AZ,980,3.28233333,3.28233333,32.2515,-109.8359,1424,,,"ERROR: 403 Denied: {""message"":""Missing Authentication Token""}",,99,ERROR,not done
52582,JRs Oasis,SR-50,Yankton,SD,572,3.149,3.149,42.8901,-97.3927,1425,42.89866,-97.3976,,"JRs Oasis, SR-50, Yankton, SD",1,OK,done
52585,SUPERPUMPER #22,"I-94, EXIT 42",Belfield,ND,807,3.529,3.529,46.886,-103.1952,1426,46.89673,-103.19647,,"SUPERPUMPER #22, I-94, EXIT 42, Belfield, ND",1,OK,done
52587,PILOT TRAVEL CENTERS #380,"I-81, EXIT 25 & I-90, EXIT 36",Liverpool,NY,220,4.159,4.159,43.1065,-76.2095,1427,43.1128,-76.20623,,"PILOT TRAVEL CENTERS #380, I-81, EXIT 25 & I-90, EXIT 36, Liverpool, NY",1,OK,done
52588,STRIPES #42564,US-87,Lubbock,TX,700,3.199,3.199,33.5657,-101.8879,1428,33.53477,-101.95662,,"STRIPES #42564, US-87, Lubbock, TX",1,OK,done
52590,FLYING J TRAVEL PLAZA #661,"I-65, EXIT 2 & US-31W",Franklin,KY,415,3.169,3.169,36.7177,-86.5595,1429,36.66151,-86.55921,,"I-65 EXIT 2, Franklin, KY",4,OK,done
52591,FLYING J TRAVEL PLAZA #749,"I-95, EXIT 104",Ruther Glen,VA,180,3.619,3.619,nan,nan,1430,,,"ERROR: 403 Denied: {""message"":""Missing Authentication Token""}",,99,ERROR,not done
52594,PILOT TRAVEL CENTERS #348,"I-70, EXIT 32B",Bentleyville,PA,165,4.109,4.109,40.1178,-80.0044,1431,40.13156,-80.00054,,"PILOT TRAVEL CENTERS #348, I-70, EXIT 32B, Bentleyville, PA",1,OK,done
52595,7-ELEVEN #40281,"I-476,  EXIT 35/95",Jim Thorpe,PA,90,3.589,3.589,40.8712,-75.7433,1432,40.87998,-75.7263,,"7-ELEVEN #40281, I-476,  EXIT 35/95, Jim Thorpe, PA",1,OK,done
52597,7-ELEVEN #40278,"I-81, EXIT 44 & I-76",Plainfield,PA,70,3.96733333,3.96733333,nan,nan,1433,40.51387,-80.10417,,"I-81 EXIT 44, Plainfield, PA",4,OK,done
52598,7-ELEVEN #40283,"I-76, EXIT 19/247",Middletown,PA,70,3.97066666,3.97066666,40.201,-76.7289,1434,40.19958,-76.73064,,"7-ELEVEN #40283, Middletown, PA",3,OK,done
52598,7-ELEVEN #40283,"I-76, EXIT 19/247",Middletown,PA,70,3.97066666,3.97066666,40.644,-75.3244,1435,40.19958,-76.73064,,"7-ELEVEN #40283, Middletown, PA",3,OK,done
52599,7-ELEVEN #40285,"I-76, EXIT 21/286",Bowmansville,PA,208,3.97066666,3.97066666,40.2029,-76.0211,1436,39.98625,-75.80344,,"7-ELEVEN #40285, I-76, EXIT 21/286, Bowmansville, PA",1,OK,done
52601,LOVES TRAVEL STOP #236,"I-40, EXIT 161 & SR-391",North Little Rock,AR,695,3.22066666,3.22066666,34.7807,-92.2371,1437,34.74546,-92.12842,,"LOVES TRAVEL STOP #236, I-40, EXIT 161 & SR-391, North Little Rock, AR",1,OK,done
52602,7-ELEVEN #40277,"I-76, EXIT 16/226",Newburg,PA,70,4.299,4.299,40.137,-77.5546,1438,,,"ERROR: 403 Denied: {""message"":""Missing Authentication Token""}",,99,ERROR,not done
52602,7-ELEVEN #40277,"I-76, EXIT 16/226",Newburg,PA,70,4.299,4.299,40.5214,-78.4217,1439,,,"ERROR: 403 Denied: {""message"":""Missing Authentication Token""}",,99,ERROR,not done
52603,CASEYS #3364,US-281 & SR-200,Carrington,ND,341,3.439,3.439,47.452,-99.1307,1440,47.45164,-99.11719,,"CASEYS #3364, US-281 & SR-200, Carrington, ND",1,OK,done
52605,PILOT TRAVEL CENTER #39,"I-57, EXIT 335",Monee,IL,290,3.451,3.559,41.4181,-87.7502,1441,41.42745,-87.75688,,"PILOT TRAVEL CENTER #39, I-57, EXIT 335, Monee, IL",1,OK,done
52607,PILOT TRAVEL CENTERS #409,"I-40, EXIT 172",Dickson,TN,460,3.19233333,3.19233333,36.0637,-87.3665,1442,36.02221,-87.34304,,"PILOT TRAVEL CENTERS #409, I-40, EXIT 172, Dickson, TN",1,OK,done
52608,PILOT #7971,"I-40, EXIT 133",Conover,NC,46,3.699,3.699,35.7154,-81.2174,1443,35.72213,-81.18975,,"PILOT #7971, I-40, EXIT 133, Conover, NC",1,OK,done
52610,TA HARBORCREEK TRAVEL CENTER,"I-90, EXIT 35",Erie,PA,240,4.199,4.199,42.1167,-80.0733,1444,42.138,-79.92646,,"TA HARBORCREEK TRAVEL CENTER, I-90, EXIT 35, Erie, PA",1,OK,done
52611,STRIPES #40530,SR-239,Del Rio,TX,740,3.229,3.229,29.3708,-100.8801,1445,29.32956,-100.92457,,"STRIPES #40530, SR-239, Del Rio, TX",1,OK,done
52612,STRIPES 7FLEET #42568,US-60 & CR-G,Hereford,TX,700,3.35066666,3.35066666,34.8225,-102.4001,1446,34.81194,-102.40539,,"STRIPES 7FLEET #42568, US-60 & CR-G, Hereford, TX",1,OK,done
52615,PILOT TRAVEL CENTERS #4,"I-90, EXIT 151",Avon,OH,305,3.879,3.879,41.4485,-82.0187,1447,41.46466,-82.06088,,"PILOT TRAVEL CENTERS #4, I-90, EXIT 151, Avon, OH",1,OK,done
52616,PILOT TRAVEL CENTER #28,I-69 EXIT 234,Daleville,IN,457,3.584,3.649,40.1187,-85.5567,1448,40.11483,-85.57318,,"PILOT TRAVEL CENTER #28, I-69 EXIT 234, Daleville, IN",1,OK,done
52618,PILOT TRAVEL CENTERS #63,"I-85, EXIT 35",Piedmont,SC,30,3.22233333,3.22233333,34.7074,-82.4651,1449,34.71051,-82.49784,,"PILOT TRAVEL CENTERS #63, I-85, EXIT 35, Piedmont, SC",1,OK,done
52620,GOODLAND 24/7 STORE,"I-70, EXIT 19",Goodland,KS,525,3.08733333,3.08733333,39.3489,-101.7143,1450,39.32591,-101.7268,,"GOODLAND 24/7 STORE, I-70, EXIT 19, Goodland, KS",1,OK,done
52621,CORNER MARKET #111,"I-70, EXIT 27",Goodland,KS,525,3.059,3.059,39.3489,-101.7143,1451,39.33507,-101.72925,,"CORNER MARKET #111, I-70, EXIT 27, Goodland, KS",1,OK,done
52622,STRIPES 7FLEET #42567,I-20,Stanton,TX,700,3.01566666,3.01566666,32.1317,-101.7927,1452,32.13965,-101.79986,,"STRIPES 7FLEET #42567, I-20, Stanton, TX",1,OK,done
52623,TA WILLINGTON TRAVEL CENTER,"I-84, EXIT 71",Willington,CT,100,5.199,5.199,nan,nan,1453,41.85286,-72.30037,,"TA WILLINGTON TRAVEL CENTER, I-84, EXIT 71, Willington, CT",1,OK,done
52624,PILOT TRAVEL CENTERS #390,"I-84, EXIT 188 & US-395",Stanfield,OR,982,3.469,3.469,45.7846,-119.2187,1454,45.76653,-119.2068,,"PILOT TRAVEL CENTERS #390, I-84, EXIT 188 & US-395, Stanfield, OR",1,OK,done
52625,FLYING J TRAVEL PLAZA #673,"I-44, EXIT 226 & SR-85",Sullivan,MO,540,3.324,3.324,38.2129,-91.1637,1455,38.22543,-91.15827,,"FLYING J TRAVEL PLAZA #673, I-44, EXIT 226 & SR-85, Sullivan, MO",1,OK,done
52626,FLYING J TRAVEL PLAZA #627,"I-95/SR-405, EXIT 29 & US-82/US-17/SR-25/SR-520",Brunswick,GA,75,3.39566666,3.39566666,31.1449,-81.4746,1456,,,"ERROR: 403 Denied: {""message"":""Missing Authentication Token""}",,99,ERROR,not done
52628,One9 Pride #1215,"I-10, EXIT 45",Salome,AZ,930,3.369,3.379,33.7778,-113.606,1457,33.63147,-113.77269,,"One9 Pride #1215, I-10, EXIT 45, Salome, AZ",1,OK,done
52629,LOVES TRAVEL STOPS #413,"I-90, EXIT 106 & US-97",Ellensburg,WA,977,3.889,3.949,46.9999,-120.5475,1458,46.9998,-120.55372,,"LOVES TRAVEL STOPS #413, I-90, EXIT 106 & US-97, Ellensburg, WA",1,OK,done
52630,PILOT TRAVEL CENTERS #386,"I-5, EXIT 263",Salem,OR,935,3.859,3.859,44.9233,-123.0244,1459,45.04785,-122.97523,,"PILOT TRAVEL CENTERS #386, I-5, EXIT 263, Salem, OR",1,OK,done
52632,LOVES TRAVEL STOP #451,"I-65, EXIT 95 & CR-500",Whiteland,IN,375,3.949,3.949,39.5505,-86.0739,1460,39.55119,-86.04466,,"LOVES TRAVEL STOP #451, I-65, EXIT 95 & CR-500, Whiteland, IN",1,OK,done
52633,PILOT TRAVEL CENTERS #57,"I-40 & I-85, EXIT 152",Mebane,NC,65,3.959,3.959,36.0852,-79.2736,1461,36.066,-79.30975,,"PILOT TRAVEL CENTERS #57, I-40 & I-85, EXIT 152, Mebane, NC",1,OK,done
52634,PETRO STOPPING CENTER #362,"I-80, EXIT 353",York,NE,330,3.299,3.299,40.8701,-97.5928,1462,40.81779,-97.59851,,"PETRO STOPPING CENTER #362, I-80, EXIT 353, York, NE",1,OK,done
52635,E EXPRESS at MLK,"I-40 & I-35, EXIT 127",Oklahoma City,OK,483,2.889,2.889,35.4676,-97.5136,1463,35.33851,-97.49105,,"E EXPRESS at MLK, I-40 & I-35, EXIT 127, Oklahoma City, OK",1,OK,done
52636,LOVES TRAVEL STOP #414,"I-64, EXIT 25B & US-41",Haubstadt,IN,340,3.949,3.949,38.2039,-87.5751,1464,38.17349,-87.55162,,"LOVES TRAVEL STOP #414, I-64, EXIT 25B & US-41, Haubstadt, IN",1,OK,done
52638,STRIPES 7FLEET #42555,"I-20, EXIT 80 & SR-18",Monahans,TX,710,2.929,2.929,31.6289,-103.0403,1465,31.64462,-102.75613,,"STRIPES 7FLEET #42555, I-20, EXIT 80 & SR-18, Monahans, TX",1,OK,done
52640,SPEEDWAY #8316,US-30 & US-41,Dyer,IN,290,3.649,3.649,41.4977,-87.509,1466,41.49453,-87.52352,,"SPEEDWAY #8316, US-30 & US-41, Dyer, IN",1,OK,done
52641,PILOT TRAVEL CENTERS #71,"I-95, EXIT 109",Port Wentworth,GA,195,3.3956666650000003,3.419,32.1951,-81.1991,1467,32.18809,-81.19513,,"PILOT TRAVEL CENTERS #71, I-95, EXIT 109, Port Wentworth, GA",1,OK,done
52642,One9 #61,"I-26, EXIT 52 & SR-56",Clinton,SC,30,3.099,3.099,34.4781,-81.8638,1468,34.43821,-81.75847,,"One9 #61, I-26, EXIT 52 & SR-56, Clinton, SC",1,OK,done
52643,Minit Mart #3,HIGHWAY 277 & FM 1589,Eagle Pass,TX,693,3.199,3.199,28.7125,-100.484,1469,28.75516,-100.50646,,"Minit Mart #3, HIGHWAY 277 & FM 1589, Eagle Pass, TX",1,OK,done
52644,ONE9 #058,"I-95, EXIT 180 & SR-48",Pleasant Hill,NC,205,3.399,3.399,36.258,-80.8904,1470,36.5213,-77.58551,,"ONE9 #058, I-95 EXIT 180, Pleasant Hill, NC",2,OK,done
52646,FLYING J TRAVEL PLAZA #619,"I-70, EXIT 285",Aurora,CO,800,3.39233333,3.39233333,39.7083,-104.7237,1471,39.76249,-104.7929,,"FLYING J TRAVEL PLAZA #619, I-70, EXIT 285, Aurora, CO",1,OK,done
52647,FLYING J TRAVEL PLAZA #699,"I-70, EXIT 122",Millersport,OH,315,3.44566666,3.44566666,39.898,-82.5387,1472,39.94294,-82.59895,,"FLYING J TRAVEL PLAZA #699, I-70, EXIT 122, Millersport, OH",1,OK,done
52648,Stripes #42566,US-67 & SR-158,Ballinger,TX,612,3.05566666,3.05566666,31.7394,-99.9559,1473,31.74242,-99.94133,,"Stripes #42566, US-67 & SR-158, Ballinger, TX",1,OK,done
52649,FLYING J TRAVEL PLAZA #623,"I-10, EXIT 192 & US-90",Midway,FL,20,3.799,3.799,30.4169,-87.0229,1474,30.49276,-84.4292,,"FLYING J TRAVEL PLAZA #623, I-10, EXIT 192 & US-90, Midway, FL",1,OK,done
52649,FLYING J TRAVEL PLAZA #623,"I-10, EXIT 192 & US-90",Midway,FL,20,3.799,3.799,30.4995,-84.4582,1475,30.49276,-84.4292,,"FLYING J TRAVEL PLAZA #623, I-10, EXIT 192 & US-90, Midway, FL",1,OK,done
52649,FLYING J TRAVEL PLAZA #623,"I-10, EXIT 192 & US-90",Midway,FL,20,3.799,3.799,28.7924,-81.2314,1476,30.49276,-84.4292,,"FLYING J TRAVEL PLAZA #623, I-10, EXIT 192 & US-90, Midway, FL",1,OK,done
52651,TA NEW BRAUNFELS TRAVEL CENTER,"I-35, EXIT 193",New Braunfels,TX,740,3.449,3.449,29.6994,-98.1148,1477,29.67236,-98.15749,,"TA NEW BRAUNFELS TRAVEL CENTER, I-35, EXIT 193, New Braunfels, TX",1,OK,done
52652,PILOT TRAVEL CENTERS #47,"I-275, EXIT 129",Georgetown,KY,410,3.20566666,3.20566666,38.2247,-84.5487,1478,38.27675,-84.56014,,"PILOT TRAVEL CENTERS #47, I-275, EXIT 129, Georgetown, KY",1,OK,done
52656,TRAVELING TIGER CENTER,"I-10, EXIT 87",Sierra Blanca,TX,640,3.15566666,3.15566666,31.1835,-105.3395,1479,31.07448,-105.01493,,"TRAVELING TIGER CENTER, I-10, EXIT 87, Sierra Blanca, TX",1,OK,done
52658,LOVES TRAVEL STOP #274,"I-40, EXIT 221 & SR-27",Okemah,OK,560,3.35566666,3.35566666,35.4292,-96.2998,1480,35.42079,-96.30022,,"LOVES TRAVEL STOP #274, I-40, EXIT 221 & SR-27, Okemah, OK",1,OK,done
52659,LOVES TRAVEL STOP #276,"I-10, EXIT 20",Lordsburg,NM,640,3.45733333,3.45733333,32.3438,-108.7021,1481,32.35378,-108.73598,,"LOVES TRAVEL STOP #276, I-10, EXIT 20, Lordsburg, NM",1,OK,done
52661,LOVES TRAVEL STOP #281,"I-35 WEST, EXIT 40",Fort Worth,TX,630,3.18733333,3.18733333,32.7817,-97.3474,1482,32.59467,-97.31904,,"LOVES TRAVEL STOP #281, I-35 WEST, EXIT 40, Fort Worth, TX",1,OK,done
52663,EXXON,"I-20/I-59, EXIT 17 & SR-28",Livingston,AL,705,2.979,2.979,32.5982,-88.1891,1483,32.61292,-88.18352,,"EXXON, I-20/I-59, EXIT 17 & SR-28, Livingston, AL",1,OK,done
52664,PETRO STOPPING CENTER #378,I-81 EXIT 178B,Pittston,PA,200,4.16566666,4.16566666,41.3272,-75.7888,1484,41.32973,-75.74166,,"PETRO STOPPING CENTER #378, I-81 EXIT 178B, Pittston, PA",1,OK,done
52667,EXPRESS LANE TRAVEL CENTER,"I-20, EXIT 100 & US-80",Lawrence,MS,705,3.299,3.299,nan,nan,1485,,,"ERROR: 403 Denied: {""message"":""Missing Authentication Token""}",,99,ERROR,not done
52669,COLUMBIA TRUCK STOP,US-46,Columbia,NJ,115,3.079,3.079,40.926,-75.0945,1486,40.89747,-75.07053,,"COLUMBIA TRUCK STOP, US-46, Columbia, NJ",1,OK,done
52674,FLYING J TRAVEL PLAZA #738,"I-20/FM707, EXIT 277",Tye,TX,575,3.124,3.124,32.4522,-99.8665,1487,32.46895,-99.87572,,"FLYING J TRAVEL PLAZA #738, I-20/FM707, EXIT 277, Tye, TX",1,OK,done
52675,PILOT TRAVEL CENTER #907- TOWN PUMP,"I-94, EXIT 138",Miles City,MT,780,3.499,3.499,46.4059,-105.8385,1488,46.39691,-105.8219,,"PILOT TRAVEL CENTER #907- TOWN PUMP, I-94, EXIT 138, Miles City, MT",1,OK,done
52676,PILOT TRAVEL CENTERS #336,"I-80, EXIT 97 & US-219",Du Bois,PA,14,4.034,4.034,nan,nan,1489,41.14108,-78.78321,,"PILOT TRAVEL CENTERS #336, I-80, EXIT 97 & US-219, Du Bois, PA",1,OK,done
52678,STRIPES 7FLEET #42433,US-277,Bronte,TX,739,3.474,3.474,31.8857,-100.2955,1490,31.97258,-100.2763,,"STRIPES 7FLEET #42433, US-277, Bronte, TX",1,OK,done
52679,LOVES TRAVEL STOP #404,"I-295, EXIT 56 & I-95, EXIT 7",Bordentown,NJ,150,3.979,3.979,nan,nan,1491,40.12019,-74.70732,,"LOVES TRAVEL STOP #404, I-295, EXIT 56 & I-95, EXIT 7, Bordentown, NJ",1,OK,done
52680,PILOT TRAVEL CENTER #91,"I-95, EXIT 329",Saint Johns,FL,75,3.4615,3.499,nan,nan,1492,30.06578,-81.49434,,"PILOT TRAVEL CENTER #91, I-95, EXIT 329, Saint Johns, FL",1,OK,done
52683,PILOT TRAVEL CENTER #145,"I-40/US-71/US-62, EXIT 72 AND US-412",Springdale,AR,416,3.4610000000000003,3.463,36.1901,-94.1574,1493,36.17656,-94.23481,,"PILOT TRAVEL CENTER #145, I-40/US-71/US-62, EXIT 72 AND US-412, Springdale, AR",1,OK,done
52684,KWIK STAR #348,US-30/US-67,Clinton,IA,270,3.624,3.624,41.8435,-90.2412,1494,41.83436,-90.19287,,"KWIK STAR #348, US-30/US-67, Clinton, IA",1,OK,done
52685,LOVES TRAVEL STOP #275,"I-40/US-63, EXIT 233 & SR-261",Palestine,AR,435,3.31566666,3.31566666,34.9696,-90.9068,1495,34.96553,-90.90644,,"LOVES TRAVEL STOP #275, I-40/US-63, EXIT 233 & SR-261, Palestine, AR",1,OK,done
52686,LOVES TRAVEL STOP #278,"I-40, EXIT 277",Joseph City,AZ,930,3.60733333,3.60733333,34.9614,-110.3274,1496,34.95485,-110.31132,,"LOVES TRAVEL STOP #278, I-40, EXIT 277, Joseph City, AZ",1,OK,done
52687,LOVES TRAVEL STOP #286,"I-10, EXIT 17",Quartzsite,AZ,930,3.949,3.949,33.6675,-114.2171,1497,33.6573,-114.2415,,"LOVES TRAVEL STOP #286, I-10, EXIT 17, Quartzsite, AZ",1,OK,done
52690,LOVES TRAVEL STOP #415,"I-95 & OKEECHOBEE RD, EXIT 129",Fort Pierce,FL,95,3.50566666,3.50566666,27.4255,-80.3431,1498,27.41368,-80.39782,,"LOVES TRAVEL STOP #415, I-95 & OKEECHOBEE RD, EXIT 129, Fort Pierce, FL",1,OK,done
52691,PILOT TRAVEL CENTERS #312,"I-20/SR-402, EXIT 5 & SR-100",Tallapoosa,GA,18,3.419,3.449,33.7335,-85.2859,1499,33.68248,-85.26369,,"PILOT TRAVEL CENTERS #312, I-20/SR-402, EXIT 5 & SR-100, Tallapoosa, GA",1,OK,done
52692,PILOT TRAVEL CENTER #249,"I-70/I-55, EXIT 18 & SR-162",Troy,IL,540,3.4956666666666667,3.699,38.7268,-89.8977,1500,38.73183,-89.90857,,"PILOT TRAVEL CENTER #249, I-70/I-55, EXIT 18 & SR-162, Troy, IL",1,OK,done
52697,FLYING J TRAVEL PLAZA #747,"I-15, EXIT 261",Springville,UT,835,3.76566666,3.76566666,40.1638,-111.6205,1501,40.18726,-111.64193,,"FLYING J TRAVEL PLAZA #747, I-15, EXIT 261, Springville, UT",1,OK,done
60084,SUNSTOP #625,US-84,Ashford,AL,20,3.599,3.599,31.1858,-85.2359,1502,31.1879,-85.2776,,"SUNSTOP #625, US-84, Ashford, AL",1,OK,done
60106,SUNSTOP #619,US-84,Daleville,AL,720,3.399,3.399,31.2915,-85.7117,1503,31.29623,-85.72233,,"SUNSTOP #619, US-84, Daleville, AL",1,OK,done
60114,SUNSTOP #606,US-84/SR-167,Enterprise,AL,20,3.699,3.699,31.3275,-85.8463,1504,31.31749,-85.82973,,"SUNSTOP #606, US-84/SR-167, Enterprise, AL",1,OK,done
60136,HOBO PANTRY #18,US-431,Headland,AL,20,3.599,3.599,31.3501,-85.3523,1505,31.36769,-85.32721,,"HOBO PANTRY #18, US-431, Headland, AL",1,OK,done
60145,OCS QUICK STOP,US-43/SR-13,Mount Vernon,AL,715,3.699,3.699,31.0889,-88.0137,1506,31.07426,-88.02393,,"OCS QUICK STOP, US-43/SR-13, Mount Vernon, AL",1,OK,done
60147,HOP-IN FOOD STORES,US-82 & SR-22,Maplesville,AL,720,3.399,3.399,32.7867,-86.8783,1507,32.774,-86.87503,,"HOP-IN FOOD STORES, US-82 & SR-22, Maplesville, AL",1,OK,done
60191,PILOT #1180,"I-10, EXIT 94",Tonopah,AZ,930,3.899,3.899,33.488,-112.9308,1508,33.49837,-112.94219,,"PILOT #1180, I-10, EXIT 94, Tonopah, AZ",1,OK,done
60206,TA EXPRESS #649,"I-25, EXIT 52",Walsenburg,CO,796,4.259,4.259,37.6307,-104.7818,1509,37.65366,-104.79382,,"TA EXPRESS #649, I-25, EXIT 52, Walsenburg, CO",1,OK,done
60208,BERKSHIRE PETROLEUM,"I-91, EXIT 9",North Haven,CT,100,3.549,3.549,nan,nan,1510,41.35008,-72.86828,,"BERKSHIRE PETROLEUM, I-91, EXIT 9, North Haven, CT",1,OK,done
60220,ZELLWOOD TRUCK STOP,US-441,Zellwood,FL,140,3.499,3.499,28.7294,-81.5895,1511,28.72652,-81.60093,,"ZELLWOOD TRUCK STOP, US-441, Zellwood, FL",1,OK,done
60224,SUNSTOP #419,US-19,Camilla,GA,20,3.499,3.499,31.2337,-84.2088,1512,31.22143,-84.19252,,"SUNSTOP #419, US-19, Camilla, GA",1,OK,done
60226,CIRCLE K #2723903,US-82 & SR-520,Dawson,GA,20,3.499,3.499,31.7721,-84.4437,1513,31.76184,-84.43858,,"CIRCLE K #2723903, US-82, Dawson, GA",2,OK,done
60229,96 TRAVEL PLAZA,"I-16, EXIT 24",Jeffersonville,GA,85,3.399,3.399,32.6863,-83.3433,1514,32.66054,-83.45225,,"96 TRAVEL PLAZA, I-16, EXIT 24, Jeffersonville, GA",1,OK,done
60230,CIRCLE K #2745152,US-19,Pelham,GA,20,3.499,3.499,31.1267,-84.1515,1515,31.13374,-84.14102,,"CIRCLE K #2745152, US-19, Pelham, GA",1,OK,done
60242,KWIK STAR #711,US-18/US-52,Monona,IA,565,3.624,3.624,43.0504,-91.391,1516,43.03994,-91.39108,,"KWIK STAR #711, US-18/US-52, Monona, IA",1,OK,done
60243,PETRO MART,"I-29, EXIT 112",Onawa,IA,527,3.15733333,3.15733333,42.0265,-96.0909,1517,42.02769,-96.12494,,"PETRO MART, I-29, EXIT 112, Onawa, IA",1,OK,done
60245,STINKER #74,"I-84, EXIT 137",Bliss,ID,785,3.634,3.634,42.9243,-114.9479,1518,42.93794,-115.00129,,"STINKER #74, I-84, EXIT 137, Bliss, ID",1,OK,done
60248,METRO,"I-95, EXIT 12",Avenel,NJ,115,3.299,3.299,40.5842,-74.2716,1519,40.57829,-74.28018,,"METRO, I-95, EXIT 12, Avenel, NJ",1,OK,done
60250,ELIZABETH TRUCK STOP,"I-95, EXIT 13A & SR-81",Elizabethport,NJ,115,3.399,3.399,nan,nan,1520,40.66043,-74.19251,,"ELIZABETH TRUCK STOP, I-95, EXIT 13A & SR-81, Elizabethport, NJ",1,OK,done
60255,HUCKS FOOD & FUEL #186,US-51/CR-1450 & US-136,Heyworth,IL,368,3.514,3.549,40.3138,-88.9928,1521,40.31184,-88.97854,,"HUCKS FOOD & FUEL #186, US-51/CR-1450 & US-136, Heyworth, IL",1,OK,done
60256,BOLLA MARKET,"I-84, EXIT 1",Montague,NJ,115,3.519,3.519,nan,nan,1522,41.3026,-74.79374,,"BOLLA MARKET, I-84, EXIT 1, Montague, NJ",1,OK,done
60270,CHUCKLES #27,SR-57,Washington,IN,340,3.339,3.339,38.6586,-87.1591,1523,38.65726,-87.17035,,"CHUCKLES #27, SR-57, Washington, IN",1,OK,done
60273,24-7,"I-70, EXIT 53 & SR-25",Colby,KS,525,3.05566666,3.05566666,39.3848,-101.0452,1524,39.36475,-101.05917,,"24-7, I-70, EXIT 53 & SR-25, Colby, KS",1,OK,done
60280,JUMP START #9,"I-35, EXIT 4",South Haven,KS,570,3.069,3.069,37.0495,-97.4013,1525,37.05037,-97.40119,,"JUMP START #9, I-35, EXIT 4, South Haven, KS",1,OK,done
60282,CRVS #7,SR-96 & SR-27,Tribune,KS,525,3.399,3.399,38.472,-101.7546,1526,38.46837,-102.04496,,"CRVS #7, SR-96 & SR-27, Tribune, KS",1,OK,done
60294,LITTLE CAPITOL EXXON,"I-10, EXIT 115",Breaux Bridge,LA,600,3.899,3.899,30.2829,-91.9043,1527,30.35259,-91.68597,,"LITTLE CAPITOL EXXON, I-10, EXIT 115, Breaux Bridge, LA",1,OK,done
60295,EXIT 80 TRAVEL PLAZA,"I-10, EXIT 80",Crowley,LA,730,3.109,3.109,30.2175,-92.3752,1528,,,"ERROR: 403 Denied: {""message"":""Missing Authentication Token""}",,99,ERROR,not done
60298,BEAU CHENE TRUCK STOP,"I-49, EXIT 11",Grand Coteau,LA,730,3.399,3.399,30.4202,-92.0438,1529,30.41725,-92.05405,,"BEAU CHENE TRUCK STOP, I-49, EXIT 11, Grand Coteau, LA",1,OK,done
60313,WHITE MARSH TRUCK STOP,US-40,White Marsh,MD,22,3.369,3.369,39.3819,-76.4574,1530,39.39649,-76.40706,,"WHITE MARSH TRUCK STOP, US-40, White Marsh, MD",1,OK,done
60316,CIRCLE K #4707001,"I-95, EXIT 264 & SR-158",Sherman,ME,170,3.93233333,3.93233333,nan,nan,1531,45.87189,-68.39309,,"CIRCLE K #4707001, I-95, EXIT 264 & SR-158, Sherman, ME",1,OK,done
60324,FUEL MART OF AMERICA,"I-75, EXIT 59",Detroit,MI,325,3.499,3.499,42.3834,-83.1024,1532,42.60407,-83.26224,,"FUEL MART OF AMERICA, I-75, EXIT 59, Detroit, MI",1,OK,done
60326,SUNRISE CONVENIENCE STORE #29,"I-69, EXIT 184                ",Memphis,MI,325,3.529,3.559,42.8956,-82.7689,1533,42.97928,-82.77324,,"I-69 EXIT 184, Memphis, MI",4,OK,done
60328,SPEEDWAY #8748,"I-69, EXIT 6",Flint,MI,342,3.339,3.339,43.0236,-83.6921,1534,42.97409,-83.78083,,"SPEEDWAY #8748, I-69, EXIT 6, Flint, MI",1,OK,done
60329,CHARLIES COUNTRY CORNER,"I-75, EXIT 271",Grayling,MI,287,3.849,3.899,44.6566,-84.7091,1535,44.65907,-84.71034,,"CHARLIES COUNTRY CORNER, I-75, EXIT 271, Grayling, MI",1,OK,done
60333,LAKESHORE BP,US-2,Manistique,MI,287,3.499,3.499,45.9591,-86.2507,1536,45.95097,-86.25807,,"LAKESHORE BP, US-2, Manistique, MI",1,OK,done
60341,SNAPPY FOOD MART,ST 60,Tekonsha,MI,431,3.589,3.589,42.0964,-84.9903,1537,42.10554,-84.99217,,"SNAPPY FOOD MART, ST 60, Tekonsha, MI",1,OK,done
60342,True North #254,US-31 & SR-37,Traverse City,MI,456,3.759,3.789,44.7546,-85.6038,1538,44.76627,-85.62663,,"True North #254, US-31 & SR-37, Traverse City, MI",1,OK,done
60344,DORR TRUCK STOP,"US-131, EXIT 68",Wayland,MI,344,3.499,3.499,42.6725,-85.6408,1539,42.72524,-85.67625,,"DORR TRUCK STOP, US-131, EXIT 68, Wayland, MI",1,OK,done
60347,KWIK TRIP #875,"I-90, EXIT 157, BRIDGE ST ENTRANCE",Albert Lea,MN,515,3.324,3.324,43.6548,-93.3643,1540,43.65089,-93.36314,,"KWIK TRIP #875, I-90, EXIT 157, BRIDGE ST ENTRANCE, Albert Lea, MN",1,OK,done
60358,PETRO SERVE USA #54,US-10,Glyndon,MN,341,3.449,3.449,46.8709,-96.5784,1541,46.87748,-96.5795,,"PETRO SERVE USA #54, US-10, Glyndon, MN",1,OK,done
60372,FLYING W CONVENIENCE STORE,SR-96,Carthage,MO,277,3.199,3.199,37.1503,-94.3225,1542,37.157,-94.32567,,"FLYING W CONVENIENCE STORE, SR-96, Carthage, MO",1,OK,done
60373,FLYING J #571,"I-57, EXIT 12 & US-60",Charleston,MO,490,3.559,3.559,36.9179,-89.3343,1543,36.9207,-89.34298,,"FLYING J #571, I-57, EXIT 12 & US-60, Charleston, MO",1,OK,done
60374,PILOT TRAVEL CENTERS #385,US-54 & SR-13,Collins,MO,416,3.49566666,3.49566666,37.8906,-93.6215,1544,37.88732,-93.6252,,"PILOT TRAVEL CENTERS #385, US-54 & SR-13, Collins, MO",1,OK,done
60379,FAST LANE #50,US-54/SR-19,Laddonia,MO,540,3.15733333,3.15733333,39.243,-91.6431,1545,39.22822,-91.64632,,"FAST LANE #50, US-54/SR-19, Laddonia, MO",1,OK,done
60380,AMOCO,US-63/US-136,Lancaster,MO,320,3.249,3.249,40.5238,-92.5314,1546,40.52244,-92.52688,,"AMOCO, US-63/US-136, Lancaster, MO",1,OK,done
60382,WINDSTARS #5101,"I-435, EXIT 57",Kansas City,MO,400,3.099,3.099,39.1238,-94.5541,1547,39.24995,-94.75523,,"WINDSTARS #5101, I-435, EXIT 57, Kansas City, MO",1,OK,done
60383,CASEYS #4399,"I-70, EXIT 175",New Florence,MO,392,2.949,2.949,38.9092,-91.4529,1548,38.90043,-91.45979,,"CASEYS #4399, I-70, EXIT 175, New Florence, MO",1,OK,done
60392,Kangaroo Crossing #1107,"I-20, EXIT 68 & SR-43",Pelahatchie,MS,705,3.199,3.199,32.3148,-89.8083,1549,32.25488,-89.77377,,"Kangaroo Crossing #1107, I-20, EXIT 68 & SR-43, Pelahatchie, MS",1,OK,done
60398,TOWN PUMP FOOD STORE #610,"I-90, EXIT 333",Livingston,MT,786,3.644,3.644,45.6665,-110.5539,1550,45.64132,-110.57543,,"TOWN PUMP FOOD STORE #610, I-90, EXIT 333, Livingston, MT",1,OK,done
60400,CAN AM C STORE,SR-16,Plentywood,MT,807,3.499,3.499,48.776,-104.5574,1551,48.7789,-104.57098,,"CAN AM C STORE, SR-16, Plentywood, MT",1,OK,done
60416,MINUTEMAN FOOD MART #20,US-74 & US-76,Whiteville,NC,245,3.46066666,3.46066666,34.3306,-78.7014,1552,34.34991,-78.66457,,"MINUTEMAN FOOD MART #20, US-74 & US-76, Whiteville, NC",1,OK,done
60420,PUMP & PANTRY #35,US-183,Alma,NE,330,3.459,3.459,40.1036,-99.3657,1553,40.10455,-99.36831,,"PUMP & PANTRY #35, US-183, Alma, NE",1,OK,done
60426,BONS BONS MOBIL,US-3,Merrimack,NH,125,3.699,3.699,nan,nan,1554,42.81396,-71.4861,,"BONS BONS MOBIL, US-3, Merrimack, NH",1,OK,done
60434,ENRITE,US-9,Linden,NJ,79,3.34233333,3.34233333,40.6251,-74.2383,1555,40.63482,-74.23556,,"ENRITE, US-9, Linden, NJ",1,OK,done
60442,Circle K #4706716,SR-71 & SR-47,Yorkville,IL,290,3.632333333333333,3.799,41.6563,-88.4507,1556,41.64276,-88.44687,,"Circle K #4706716, SR-71 & SR-47, Yorkville, IL",1,OK,done
60460,HAHN OIL,US-36,Coshocton,OH,315,3.299,3.299,40.2618,-81.848,1557,40.39421,-82.47836,,"HAHN OIL, US-36, Coshocton, OH",1,OK,done
60461,TRUE NORTH #704,"I-75, EXIT 56A",Dayton,OH,317,3.799,3.799,39.7805,-84.2003,1558,39.76903,-84.20899,,"TRUE NORTH #704, I-75, EXIT 56A, Dayton, OH",1,OK,done
60463,Anna Truck Stop,"I-75, EXIT 99",Anna,OH,411,3.01566666,3.01566666,40.3957,-84.1754,1559,40.39876,-84.16198,,"Anna Truck Stop, I-75, EXIT 99, Anna, OH",1,OK,done
60465,MOTOMART #4129,ST 309,Marion,OH,411,3.34233333,3.34233333,40.5973,-83.1227,1560,40.58811,-83.14428,,"MOTOMART #4129, ST 309, Marion, OH",1,OK,done
60471,FUEL MART #701,"I-480/I-271, EXIT 23 & SR-8",Bedford,OH,305,3.529,3.529,41.3919,-81.536,1561,41.37462,-81.52666,,"FUEL MART #701, I-480/I-271, EXIT 23 & SR-8, Bedford, OH",1,OK,done
60473,BELL STORES #50,ST 3,Wooster,OH,249,3.599,3.599,40.8172,-81.9336,1562,40.78062,-81.96688,,"BELL STORES #50, ST 3, Wooster, OH",1,OK,done
60476,PETES #11,US-75,Dewey,OK,560,3.154,3.154,36.7913,-95.9328,1563,35.05347,-94.62318,,"PETES #11, US-75, Dewey, OK",1,OK,done
60508,FEGLEY VALERO,SR-309,Tamaqua,PA,90,3.599,3.599,40.8033,-75.9344,1564,40.79691,-75.97082,,"FEGLEY VALERO, SR-309, Tamaqua, PA",1,OK,done
60513,CIRCLE K #2723873,US-17,Georgetown,SC,42,2.899,2.899,33.3594,-79.2958,1565,33.54948,-79.04768,,"CIRCLE K #2723873, Georgetown, SC",3,OK,done
60515,FLASH MARKET #302,SR-9 & SR-151,Pageland,SC,46,3.38566666,3.38566666,34.772,-80.3897,1566,34.77167,-80.39198,,"FLASH MARKET #302, SR-9 & SR-151, Pageland, SC",1,OK,done
60516,ENMARKET #892,"I-95, EXIT 150",Harleyville,SC,195,3.399,3.399,33.213,-80.4478,1567,33.28285,-80.5157,,"ENMARKET #892, I-95, EXIT 150, Harleyville, SC",1,OK,done
60519,CORNER PANTRY #25,US-14,Huron,SD,571,3.079,3.079,44.3623,-98.2094,1568,44.38564,-98.21477,,"CORNER PANTRY #25, US-14, Huron, SD",1,OK,done
60538,TEXACO #380031,ST 21W,Bryan,TX,765,3.399,3.399,30.665,-96.3807,1569,30.67105,-96.40352,,"TEXACO #380031, ST 21W, Bryan, TX",1,OK,done
60539,SHELL,US-96 & SR-62/FM-1004,Buna,TX,610,3.10233333,3.10233333,30.4458,-93.9625,1570,30.4311,-93.9607,,"SHELL, US-96 & SR-62/FM-1004, Buna, TX",1,OK,done
60540,CIRCLE K #2706340,"I-20, EXIT 533",Canton,TX,630,2.77566666,2.77566666,32.5546,-95.8641,1571,32.56938,-95.83501,,"CIRCLE K #2706340, I-20, EXIT 533, Canton, TX",1,OK,done
60551,CIRCLE K #2744522,"I-30, EXIT 201  I-30 & SR-8",New Boston,TX,766,2.94233333,2.94233333,33.4612,-94.4183,1572,33.45859,-94.33642,,"CIRCLE K #2744522, I-30, EXIT 201  I-30 & SR-8, New Boston, TX",1,OK,done
60554,CEFCO #2070,"I-27, EXIT 49",Plainview,TX,700,2.83233333,2.83233333,34.1911,-101.7235,1573,34.15546,-101.74933,,"CEFCO #2070, I-27, EXIT 49, Plainview, TX",1,OK,done
60565,CEFCO #2006,"I-40, EXIT 163",Shamrock,TX,585,3.099,3.099,35.2154,-100.2462,1574,35.22735,-100.1812,,"CEFCO #2006, I-40, EXIT 163, Shamrock, TX",1,OK,done
60579,SPEEDWAY #4633,US-220/US-221/US-460,Roanoke,VA,185,3.399,3.399,37.2785,-79.9581,1575,37.26872,-79.94447,,"SPEEDWAY #4633, US-220/US-221/US-460, Roanoke, VA",1,OK,done
60587,BJS AUTO TRUCK PLAZA,SR-28,Rock Island,WA,970,4.049,4.099,47.3733,-120.142,1576,47.31008,-120.07039,,"BJS AUTO TRUCK PLAZA, SR-28, Rock Island, WA",1,OK,done
60589,RIVER COUNTRY PLAZA,"SR-29, EXIT 91",Cadott,WI,295,3.39733333,3.39733333,44.9502,-91.1532,1577,44.942,-91.14545,,"RIVER COUNTRY PLAZA, SR-29, EXIT 91, Cadott, WI",1,OK,done
60590,DARLINGTON MINI MART,SR-23 & SR-81,Darlington,WI,420,3.399,3.399,42.6765,-90.1201,1578,42.66736,-90.12782,,"DARLINGTON MINI MART, SR-23 & SR-81, Darlington, WI",1,OK,done
60601,HOLIDAY STATIONSTORE #2746229,US-53/US-2,Superior,WI,545,3.339,3.339,46.6941,-92.0823,1579,46.67916,-92.01178,,"HOLIDAY STATIONSTORE #2746229, US-53/US-2, Superior, WI",1,OK,done
60635,EXXON ON THE RUN,US-62/US-412 & SR-126,Gassville,AR,535,3.695,3.695,36.2849,-92.4869,1580,36.28327,-92.49659,,"EXXON ON THE RUN, US-62/US-412 & SR-126, Gassville, AR",1,OK,done
60650,SHELL DBA ONE9 #1244,"I-8, EXIT 115",Gila Bend,AZ,930,3.309,3.359,32.9662,-112.7154,1581,32.94732,-112.71633,,"SHELL DBA ONE9 #1244, I-8, EXIT 115, Gila Bend, AZ",1,OK,done
60700,PWI #502,"I-70/US-40, EXIT 259",Golden,CO,800,3.199,3.199,39.7406,-105.2118,1582,39.69641,-105.20713,,"PWI #502, I-70/US-40, EXIT 259, Golden, CO",1,OK,done
60707,REATA TRAVEL STOP,"I-76, EXIT 125",Sterling,CO,800,3.399,3.399,40.6205,-103.1925,1583,40.61924,-103.1734,,"REATA TRAVEL STOP, I-76, EXIT 125, Sterling, CO",1,OK,done
60708,CRVS STORE #6,US-385,Wray,CO,800,3.449,3.449,40.0802,-102.2284,1584,40.07582,-102.21862,,"CRVS STORE #6, US-385, Wray, CO",1,OK,done
60762,BP,US-1 & US-341,Baxley,GA,195,3.599,3.599,31.7641,-82.3509,1585,31.77854,-82.34841,,"BP, US-1 & US-341, Baxley, GA",1,OK,done
60768,GAS N GO FOOD STORE,"I-75, EXIT 290/US-41",Cartersville,GA,48,2.94233333,2.94233333,34.1644,-84.8009,1586,34.09576,-84.74013,,"GAS N GO FOOD STORE, I-75, EXIT 290/US-41, Cartersville, GA",1,OK,done
60773,NEIGHBORS EXPRESS,US-341/SR-27 & US-129 ALT/SR-340,Hawkinsville,GA,20,3.399,3.399,32.2965,-83.4815,1587,32.28522,-83.45027,,"NEIGHBORS EXPRESS, US-341/SR-27 & US-129 ALT/SR-340, Hawkinsville, GA",1,OK,done
60779,Marathon,US-129,Eatonton,GA,85,3.399,3.399,33.3258,-83.3886,1588,33.01137,-83.53365,,"Marathon, US-129, Eatonton, GA",1,OK,done
60781,JP PERRY,"I-75, EXIT 138",Perry,GA,85,3.08233333,3.08233333,32.472,-83.7283,1589,32.47513,-83.74302,,"JP PERRY, I-75, EXIT 138, Perry, GA",1,OK,done
60783,CIRCLE K #2723324,US-441/US-23/SR-15 & SR-17A/SR-385,Clarkesville,GA,16,3.439,3.439,34.6103,-83.5284,1590,34.60342,-83.51949,,"CIRCLE K #2723324, US-441/US-23/SR-15 & SR-17A/SR-385, Clarkesville, GA",1,OK,done
60787,MARATHON,"I-20, EXIT 11",Lithia Springs,GA,48,2.87233333,2.87233333,33.7811,-84.6487,1591,33.77107,-84.65261,,"MARATHON, I-20, EXIT 11, Lithia Springs, GA",1,OK,done
60788,SPRINT FOODS #722,US-1/SR-4/SR-17 & SR-24,Louisville,GA,85,4.099,4.099,32.9955,-82.4001,1592,33.0026,-82.4096,,"SPRINT FOODS #722, US-1/SR-4/SR-17 & SR-24, Louisville, GA",1,OK,done
60791,MARATHON #9,"I-475, EXIT 1",Macon,GA,85,3.039,3.039,32.8065,-83.6974,1593,32.9299,-83.8043,,"MARATHON #9, I-475, EXIT 1, Macon, GA",1,OK,done
60795,CIRCLE K #2745080,US-319/US-129/SR-90/SR-11,Ocilla,GA,10,3.62566666,3.62566666,31.5987,-83.2498,1594,31.62277,-83.24959,,"CIRCLE K #2745080, US-319/US-129/SR-90/SR-11, Ocilla, GA",1,OK,done
60797,EVANS FOOD MART,SR-20,Rome,GA,193,3.699,3.699,34.2662,-85.1863,1595,34.25857,-85.34402,,"EVANS FOOD MART, SR-20, Rome, GA",1,OK,done
60804,JET FOOD STORE #4,US-1 & SR-78,Wadley,GA,135,3.41566666,3.41566666,32.8663,-82.4014,1596,32.86652,-82.4045,,"JET FOOD STORE #4, US-1 & SR-78, Wadley, GA",1,OK,done
60807,BATAVIA GARDENS AND GAS,"US-34, EXIT 203",Batavia,IA,320,3.379,3.379,40.9949,-92.1673,1597,41.01359,-92.14994,,"BATAVIA GARDENS AND GAS, US-34, EXIT 203, Batavia, IA",1,OK,done
60817,KWIK STAR #712,US-218 & SR-27,Janesville,IA,565,3.599,3.599,42.6462,-92.4626,1598,42.64982,-92.45511,,"KWIK STAR #712, US-218 & SR-27, Janesville, IA",1,OK,done
60822,CASEYS #3639,US-18/US-52,Postville,IA,420,3.599,3.599,43.0842,-91.5676,1599,43.08545,-91.58899,,"CASEYS #3639, US-18/US-52, Postville, IA",1,OK,done
60829,BARRY TRAVEL PLAZA,"I-72, EXIT 20",Barry,IL,540,3.599,3.599,39.6982,-91.0399,1600,39.70312,-91.03395,,"BARRY TRAVEL PLAZA, I-72, EXIT 20, Barry, IL",1,OK,done
60833,SPEEDWAY #5400,CR-11 & CR-23,Bloomingdale,IL,290,3.759,3.759,41.9497,-88.0895,1601,41.96016,-88.12027,,"SPEEDWAY #5400, CR-11 & CR-23, Bloomingdale, IL",1,OK,done
60834,SPEEDWAY #7422,SR-43,Burbank,IL,293,3.619,3.619,41.7444,-87.7686,1602,41.73898,-87.79933,,"SPEEDWAY #7422, SR-43, Burbank, IL",1,OK,done
60839,FREEDOM OIL #18,"I-74, EXIT 82",Edwards,IL,270,3.599,3.899,nan,nan,1603,40.77292,-89.74932,,"FREEDOM OIL #18, I-74, EXIT 82, Edwards, IL",1,OK,done
60846,EXPRESS LANE #50,"I-88, EXIT 10",Hillsdale,IL,270,3.832333333333333,3.999,41.6108,-90.1752,1604,41.61288,-90.19436,,"I-88 EXIT 10, Hillsdale, IL",4,OK,done
60851,SPEEDWAY #7382,I-355 & SR-64,Lombard,IL,293,3.299,3.349,41.8741,-88.0157,1605,41.90544,-88.0087,,"SPEEDWAY #7382, I-355 & SR-64, Lombard, IL",1,OK,done
60857,RED ROOSTER TERMINAL,US-50/SR-250 & SR-130,Olney,IL,510,3.295666666666667,3.399,38.7285,-88.0839,1606,38.73291,-88.09432,,"RED ROOSTER TERMINAL, US-50/SR-250 & SR-130, Olney, IL",1,OK,done
60865,Truckquest,"I-55, EXIT 286",Cicero,IL,290,3.624,3.649,41.8445,-87.7593,1607,,,"ERROR: 403 Denied: {""message"":""Missing Authentication Token""}",,99,ERROR,not done
60871,WENONA BP,"I-39/US-51, EXIT 35 & SR-17",Wenona,IL,280,3.499,3.499,41.0487,-89.0523,1608,41.05806,-89.00182,,"WENONA BP, I-39/US-51, EXIT 35 & SR-17, Wenona, IL",1,OK,done
60881,GAS AND STUFF,"I-64, EXIT 118",Georgetown,IN,415,3.799,3.799,38.2954,-85.964,1609,38.28373,-85.91679,,"GAS AND STUFF, I-64, EXIT 118, Georgetown, IN",1,OK,done
60882,SPEEDWAY #6666,US-33,Goshen,IN,465,3.81566666,3.81566666,41.5743,-85.8309,1610,41.58612,-85.84788,,"SPEEDWAY #6666, US-33, Goshen, IN",1,OK,done
60887,STERNBERG CITGO TRUCK STOP,"I-64, EXIT 57",Jasper,IN,340,3.759,3.759,38.3933,-86.9402,1611,,,"ERROR: 403 Denied: {""message"":""Missing Authentication Token""}",,99,ERROR,not done
60890,JACK FLASH,I-57 EXIT 135,Farina,IL,510,3.149,3.199,38.8302,-88.7796,1612,38.83544,-88.78794,,"JACK FLASH, I-57 EXIT 135, Farina, IL",1,OK,done
60900,7-ELEVEN #40504,"I-80/I=90, MM 56 EB",Rolling Prairie,IN,465,3.999,3.999,41.6743,-86.6207,1613,41.67067,-86.61564,,"7-ELEVEN #40504, I-80/I=90, MM 56 EB, Rolling Prairie, IN",1,OK,done
60902,SPEEDWAY #6674,"I-80/I-90, EXIT 72 & SR-31",South Bend,IN,465,3.69066666,3.69066666,41.6767,-86.2696,1614,41.73027,-86.3383,,"SPEEDWAY #6674, I-80/I-90, EXIT 72 & SR-31, South Bend, IN",1,OK,done
60913,J Mart #1,"HWY 50 E, HWY 83 N",Garden City,KS,525,3.529,3.529,37.9753,-100.8527,1615,37.96481,-100.83923,,"J Mart #1, HWY 50 E, HWY 83 N, Garden City, KS",1,OK,done
60926,CENEX,US-36 & US-83,Oberlin,KS,525,3.159,3.159,39.823,-100.5308,1616,39.82836,-100.53384,,"CENEX, US-36, Oberlin, KS",2,OK,done
60958,NORTH WEST TRUCK STOP,US-90 & SR-3211,Franklin,LA,600,3.399,3.399,29.7851,-91.5098,1617,29.813,-91.51264,,"NORTH WEST TRUCK STOP, US-90 & SR-3211, Franklin, LA",1,OK,done
60979,TOBACCO PLUS #5,"I-10, EXIT 4 & US-90",Vinton,LA,690,2.999,2.999,30.1957,-93.5818,1618,30.14622,-93.6511,,"TOBACCO PLUS #5, I-10, EXIT 4 & US-90, Vinton, LA",1,OK,done
60988,GULF OIL LP #5020,"I-90, MM291",Blandford,MA,215,3.914,3.914,nan,nan,1619,42.1955,-72.93307,,"GULF OIL LP #5020, I-90, MM291, Blandford, MA",1,OK,done
60989,Blandford Service Plaza Westbound,"I-90, EXIT MM29",Blandford,MA,215,3.919,3.919,nan,nan,1620,42.21118,-72.98475,,"Blandford Service Plaza Westbound, I-90, EXIT MM29, Blandford, MA",1,OK,done
60993,GULF #5165,"I-90, EXIT 12",Framingham,MA,34,4.06566666,4.06566666,42.3085,-71.4368,1621,42.31304,-71.39189,,"GULF #5165, I-90, EXIT 12, Framingham, MA",1,OK,done
60997,GULF OIL #5035,I-90 MM 66.7,Ludlow,MA,215,3.914,3.914,nan,nan,1622,42.17079,-72.45583,,"GULF OIL #5035, I-90 MM 66.7, Ludlow, MA",1,OK,done
60998,GULF OIL #5030,"I-90, EXIT 7",Ludlow,MA,215,3.909,3.909,nan,nan,1623,42.17079,-72.45583,,"GULF OIL #5030, I-90, EXIT 7, Ludlow, MA",1,OK,done
61004,Applegreen,SR-15,Sturbridge,MA,215,3.999,3.999,nan,nan,1624,42.10444,-72.05985,,"Applegreen, SR-15, Sturbridge, MA",1,OK,done
61006,GULF OIL LP #5155,"I-90, EXIT 11",Westborough,MA,215,3.909,3.909,nan,nan,1625,42.24478,-71.59218,,"GULF OIL LP #5155, I-90, EXIT 11, Westborough, MA",1,OK,done
61019,MARDELA GOOSE CREEK FOOD STORE,US-50,Mardela Springs,MD,194,3.979,3.979,38.4589,-75.7565,1626,38.46295,-75.75146,,"MARDELA GOOSE CREEK FOOD STORE, US-50, Mardela Springs, MD",1,OK,done
61021,WESTOVER GOOSE CREEK,US-13 & SR-673,Westover,MD,194,3.259,3.259,nan,nan,1627,38.12826,-75.6997,,"WESTOVER GOOSE CREEK, US-13 & SR-673, Westover, MD",1,OK,done
61028,MARATHON,"US-10, EXIT 137",Bay City,MI,260,3.229,3.259,43.5902,-83.8887,1628,43.59335,-83.89026,,"MARATHON, US-10, EXIT 137, Bay City, MI",1,OK,done
61030,HAGGERTY JOY MOBIL,I-275,Canton,MI,325,3.699,3.699,nan,nan,1629,42.22303,-83.44015,,"HAGGERTY JOY MOBIL, I-275, Canton, MI",1,OK,done
61032,MARATHON,US-10/US-127,Clare,MI,260,3.294,3.299,43.8259,-84.763,1630,43.81146,-84.76866,,"MARATHON, Clare, MI",3,OK,done
61034,MOTOR CITY TRUCK STOP,"I-75, EXIT 43",Detroit,MI,325,3.499,3.499,42.3834,-83.1024,1631,42.28779,-83.16436,,"MOTOR CITY TRUCK STOP, I-75, EXIT 43, Detroit, MI",1,OK,done
61037,HEARTLAND MOBIL,US-23,Fenton,MI,342,3.849,3.849,42.7994,-83.7144,1632,42.75275,-83.74065,,"HEARTLAND MOBIL, US-23, Fenton, MI",1,OK,done
61038,SPEEDWAY #8753,"I-475, EXIT 4",Burton,MI,342,3.259,3.399,42.9974,-83.6175,1633,42.97393,-83.6832,,"SPEEDWAY #8753, I-475, EXIT 4, Burton, MI",1,OK,done
61042,CITGO,"US-131, EXIT 44",Kalamazoo,MI,465,3.499,3.499,42.2749,-85.5882,1634,42.37139,-85.65585,,"CITGO, US-131, EXIT 44, Kalamazoo, MI",1,OK,done
61057,CIRCLE K #2746537,US-2 & US-41,Rapid River,MI,360,3.4165,3.499,45.9264,-86.9743,1635,46.04291,-86.98148,,"CIRCLE K #2746537, US-2 & US-41, Rapid River, MI",1,OK,done
61063,PS Food Mart,I-69 EXIT 25,Tekonsha,MI,431,3.5540000000000003,3.589,42.0964,-84.9903,1636,42.10554,-84.99217,,"PS Food Mart, I-69 EXIT 25, Tekonsha, MI",1,OK,done
61076,Holiday StationStore #2746408,"I-35, EXIT 129",Forest Lake,MN,448,3.399,3.399,45.2536,-92.9582,1637,45.27892,-93.0058,,"Holiday StationStore #2746408, I-35, EXIT 129, Forest Lake, MN",1,OK,done
61080,CO-OP SERVICE,US-10 & CR-67,New York Mills,MN,250,3.499,3.499,46.5198,-95.3732,1638,46.51764,-95.37322,,"CO-OP SERVICE, US-10 & CR-67, New York Mills, MN",1,OK,done
61090,Northdale Oil,US-59 & SR-1,Thief River Falls,MN,355,3.239,3.239,48.1108,-96.1778,1639,48.12636,-96.17322,,"Northdale Oil, US-59 & SR-1, Thief River Falls, MN",1,OK,done
61093,CIRCLE K #2746501,"I-90, EXIT 45 & SR-60",Worthington,MN,432,3.14233333,3.14233333,43.6281,-95.599,1640,,,"ERROR: 403 Denied: {""message"":""Missing Authentication Token""}",,99,ERROR,not done
61099,LOVES TRAVEL STOP #488,"I-55, EXIT 157 & SR-32",Bloomsdale,MO,540,3.38233333,3.38233333,38.0146,-90.2213,1641,38.00585,-90.22476,,"LOVES TRAVEL STOP #488, I-55, EXIT 157 & SR-32, Bloomsdale, MO",1,OK,done
61102,FAST LANE #54,US-63,Columbia,MO,310,3.20733333,3.20733333,38.9472,-92.3268,1642,38.96504,-92.35316,,"FAST LANE #54, Columbia, MO",3,OK,done
61106,TEMP STOP #102,US-54 & SR-52,Eldon,MO,392,3.199,3.199,38.3511,-92.5766,1643,38.34662,-92.58097,,"TEMP STOP #102, US-54 & SR-52, Eldon, MO",1,OK,done
61110,HB OF RANDOLPH,"I-435, EXIT 55B & SR-210",Kansas City,MO,400,3.149,3.149,39.1238,-94.5541,1644,39.15968,-94.49528,,"HB OF RANDOLPH, I-435, EXIT 55B & SR-210, Kansas City, MO",1,OK,done
61111,Caseys #4540,"I-35, EXIT 40 & SR-116",Lathrop,MO,400,3.07566666,3.07566666,39.5567,-94.3077,1645,39.55736,-94.31986,,"Caseys #4540, I-35, EXIT 40 & SR-116, Lathrop, MO",1,OK,done
61115,BREAK TIME #3071,US-24 & US-63,Moberly,MO,310,3.469,3.469,39.4179,-92.4364,1646,39.45435,-92.38168,,"BREAK TIME #3071, US-24 & US-63, Moberly, MO",1,OK,done
61118,MIDWEST PETROLEUM #21,"I-55, EXIT 129",Perryville,MO,275,2.99066666,2.99066666,37.7263,-89.8759,1647,37.72728,-89.85505,,"MIDWEST PETROLEUM #21, I-55, EXIT 129, Perryville, MO",1,OK,done
61145,TEXACO,US-49 & US-98,Hattiesburg,MS,620,3.199,3.199,31.3074,-89.317,1648,31.43854,-89.42331,,"TEXACO, US-49 & US-98, Hattiesburg, MS",1,OK,done
61146,STUCKEYS EXPRESS #619,"I-59, EXIT 113 & SR-528",Heidelberg,MS,620,3.499,3.499,31.8897,-88.9878,1649,31.88679,-88.98602,,"STUCKEYS EXPRESS #619, I-59, EXIT 113 & SR-528, Heidelberg, MS",1,OK,done
61149,CEFCO #501,US-45,Lauderdale,MS,705,2.899,2.899,32.5104,-88.5264,1650,32.36072,-88.72312,,"CEFCO #501, US-45, Lauderdale, MS",1,OK,done
61168,Blue Sky #717,US-72 & SR-15,Walnut,MS,435,3.099,3.099,34.9497,-88.9236,1651,34.93152,-88.70646,,"Blue Sky #717, US-72 & SR-15, Walnut, MS",1,OK,done
61171,CHEVRON CURB STORE,US-49 & SR-26,Wiggins,MS,620,3.499,3.499,30.8557,-89.1386,1652,30.85169,-89.13717,,"CHEVRON CURB STORE, US-49 & SR-26, Wiggins, MS",1,OK,done
61176,TOWN PUMP FOOD STORE #8947,US-2,Chinook,MT,815,3.629,3.629,48.5902,-109.2319,1653,48.59468,-109.23212,,"TOWN PUMP FOOD STORE #8947, US-2, Chinook, MT",1,OK,done
61182,TOWN PUMP FOOD STORE #3000,US-87,Lewistown,MT,815,3.599,3.599,47.0514,-109.4524,1654,47.05599,-109.47504,,"TOWN PUMP FOOD STORE #3000, US-87, Lewistown, MT",1,OK,done
61193,SPEEDWAY #8502,"I-75, EXIT 161 & CR-99",Findlay,OH,411,3.299,3.299,41.0469,-83.6379,1655,41.05869,-83.65234,,"SPEEDWAY #8502, I-75, EXIT 161 & CR-99, Findlay, OH",1,OK,done
61195,MINUTEMAN FOOD MART #06,SR-24,Clinton,NC,245,3.649,3.649,35.0004,-78.3313,1656,35.01194,-78.32016,,"MINUTEMAN FOOD MART #06, SR-24, Clinton, NC",1,OK,done
61205,SPEEDWAY #6961,"I-40, EXIT 303",Garner,NC,177,2.92066666,2.92066666,35.6936,-78.6181,1657,35.60841,-78.56102,,"SPEEDWAY #6961, I-40, EXIT 303, Garner, NC",1,OK,done
61210,SHEETZ #548,US-29,Greensboro,NC,65,2.859,2.859,36.0956,-79.8271,1658,36.16512,-79.71816,,"SHEETZ #548, US-29, Greensboro, NC",1,OK,done
61254,7-ELEVEN #36075,"I-77, EXIT 65 & SR-901",Union Grove,NC,46,2.859,2.859,nan,nan,1659,36.05218,-80.8226,,"7-ELEVEN #36075, I-77, EXIT 65 & SR-901, Union Grove, NC",1,OK,done
61266,CENEX CONVENIENCE STORE,US-2 & SR-19,Devils Lake,ND,355,3.249,3.249,nan,nan,1660,48.11146,-98.85713,,"CENEX CONVENIENCE STORE, US-2 & SR-19, Devils Lake, ND",1,OK,done
61269,FLYING J #489,"I-29, EXIT 138",Grand Forks,ND,341,3.61566666,3.61566666,47.9214,-97.0884,1661,47.88457,-97.08721,,"FLYING J #489, I-29, EXIT 138, Grand Forks, ND",1,OK,done
61271,MARATHON,"I-94, EXIT 292",Valley City,ND,341,3.499,3.499,46.9222,-98.0055,1662,46.92359,-98.00563,,"MARATHON, I-94, EXIT 292, Valley City, ND",1,OK,done
61291,FLEMING OIL FOOD MART,ST 9,West Chesterfield,NH,12,3.899,3.899,nan,nan,1663,,,"ERROR: 403 Denied: {""message"":""Missing Authentication Token""}",,99,ERROR,not done
61292,ENRITE,"I-95, EXIT 14A",Jersey City,NJ,115,3.349,3.349,40.7184,-74.0686,1664,40.71748,-74.04385,,"ENRITE, I-95, EXIT 14A, Jersey City, NJ",1,OK,done
61301,SUNOCO- WALT WHITMAN PLAZA #7007,"NJTP,MILE POST 30",Cherry Hill,NJ,150,3.899,3.899,nan,nan,1665,39.91529,-75.02711,,"SUNOCO- WALT WHITMAN PLAZA #7007, NJTP,MILE POST 30, Cherry Hill, NJ",1,OK,done
61304,A Plus MOLLY PITCHER PLAZA #7011,MILE POST 71.7 NJ TURNPIKE SO,Cranbury,NJ,115,3.909,3.909,nan,nan,1666,,,"ERROR: 403 Denied: {""message"":""Missing Authentication Token""}",,99,ERROR,not done
61305,BP,US-130,Cranbury,NJ,150,3.14566666,3.14566666,nan,nan,1667,40.29383,-74.51925,,"BP, US-130, Cranbury, NJ",1,OK,done
61308,CARLSTADT VALERO,SR-120,Carlstadt,NJ,115,3.199,3.199,40.8247,-74.0613,1668,40.82983,-74.06034,,"CARLSTADT VALERO, SR-120, Carlstadt, NJ",1,OK,done
61312,BLUE STAR,US-202 & SR-31,Flemington,NJ,115,3.399,3.399,40.5087,-74.8599,1669,40.51109,-74.8323,,"BLUE STAR, US-202 & SR-31, Flemington, NJ",1,OK,done
61326,SUNOCO JAMES F COOPER PLAZA- #7008,MILEPOST 39 NJ TURNPIKE N,Mount Laurel,NJ,150,3.959,3.959,nan,nan,1670,39.931,-74.88998,,"SUNOCO JAMES F COOPER PLAZA- #7008, MILEPOST 39 NJ TURNPIKE N, Mount Laurel, NJ",1,OK,done
61328,KW RASTALL OIL,US-130,North Brunswick,NJ,115,3.199,3.199,nan,nan,1671,40.42318,-74.49645,,"KW RASTALL OIL, US-130, North Brunswick, NJ",1,OK,done
61333,46 GAS AND TRUCK STOP,US-46,Palisades Park,NJ,115,3.23566666,3.23566666,40.8472,-73.9966,1672,40.8441,-74.00833,,"46 GAS AND TRUCK STOP, US-46, Palisades Park, NJ",1,OK,done
61337,SUNOCO- JOHN FENWICK PLAZA #7006,"NJTP, MM 5",Penns Grove,NJ,150,3.909,3.909,39.7275,-75.4691,1673,39.71575,-75.46993,,"SUNOCO- JOHN FENWICK PLAZA #7006, NJTP, MM 5, Penns Grove, NJ",1,OK,done
61339,FUEL ONE,"I-78, EXIT 3 & US-22",Phillipsburg,NJ,79,3.359,3.359,40.6894,-75.1821,1674,40.69553,-75.19177,,"FUEL ONE, I-78, EXIT 3 & US-22, Phillipsburg, NJ",1,OK,done
61346,SUNOCO- ALEXANDER HAMILTON PLAZA #7016,NEW JERSEY TURNPIKE SOUTH MILEPOST 111.6 ,Secaucus,NJ,115,3.899,3.899,40.781,-74.0659,1675,40.77815,-74.0577,,"SUNOCO- ALEXANDER HAMILTON PLAZA #7016, NEW JERSEY TURNPIKE SOUTH MILEPOST 111.6 , Secaucus, NJ",1,OK,done
61357,KENT KWIK #501,US-70 & US-54,Alamogordo,NM,593,2.98233333,2.98233333,32.8837,-105.9625,1676,32.8899,-105.9604,,"KENT KWIK #501, US-70 & US-54, Alamogordo, NM",1,OK,done
61364,HUNTINGTON BROADWAY CONOCO,US-64 BUS,Farmington,NM,614,3.799,3.799,36.7555,-108.1823,1677,36.72841,-108.20585,,"HUNTINGTON BROADWAY CONOCO, US-64 BUS, Farmington, NM",1,OK,done
61409,104 STORE,SR-370/SR-104,Red Creek,NY,220,3.799,3.799,43.2488,-76.7225,1678,43.307,-76.71627,,"104 STORE, SR-370/SR-104, Red Creek, NY",1,OK,done
61410,KWIK FILL #58,ST 15,Rochester,NY,190,3.984,3.999,43.168,-77.6162,1679,43.11825,-77.48768,,"KWIK FILL #58, ST 15, Rochester, NY",1,OK,done
61421,7-ELEVEN #40294,"I-80 WB, EXIT 139",Amherst,OH,249,3.53233333,3.53233333,41.4022,-82.2303,1680,41.40971,-82.23898,,"7-ELEVEN #40294, I-80 WB, EXIT 139, Amherst, OH",1,OK,done
61430,7-ELEVEN #40303,"I-90, EXIT 7",Clyde,OH,550,3.66233333,3.66233333,41.3044,-82.9781,1681,,,"ERROR: 403 Denied: {""message"":""Missing Authentication Token""}",,99,ERROR,not done
61431,7-ELEVEN #40304,"I-90, EXIT 7",Clyde,OH,550,3.66233333,3.66233333,41.3044,-82.9781,1682,,,"ERROR: 403 Denied: {""message"":""Missing Authentication Token""}",,99,ERROR,not done
61439,7-ELEVEN #40302,"I-75, EXIT 157",Genoa,OH,550,3.66233333,3.66233333,41.5202,-83.3619,1683,,,"ERROR: 403 Denied: {""message"":""Missing Authentication Token""}",,99,ERROR,not done
61449,7-ELEVEN #40297,"I-80, EXIT 13A",Mantua,OH,249,3.53233333,3.53233333,41.282,-81.2223,1684,41.28373,-81.224,,"7-ELEVEN #40297, I-80, EXIT 13A, Mantua, OH",1,OK,done
61450,7-ELEVEN #40298,I-80,Mantua,OH,249,3.53233333,3.53233333,41.282,-81.2223,1685,41.24407,-81.18271,,"7-ELEVEN #40298, I-80, Mantua, OH",1,OK,done
61453,CITGO,"I-475, EXIT 6",Maumee,OH,550,3.499,3.499,41.5696,-83.6636,1686,41.55217,-83.68559,,"CITGO, I-475, EXIT 6, Maumee, OH",1,OK,done
61458,7-ELEVEN #40299,OHIO TNPK MM 237 & SR-26,New Springfield,OH,165,3.53233333,3.53233333,40.9183,-80.6031,1687,40.94213,-80.60574,,"7-ELEVEN #40299, OHIO TNPK MM 237 & SR-26, New Springfield, OH",1,OK,done
61459,7-ELEVEN #40300,"I-76, EXIT 157",New Springfield,OH,165,3.53233333,3.53233333,40.9183,-80.6031,1688,40.94213,-80.60574,,"7-ELEVEN #40300, I-76, EXIT 157, New Springfield, OH",1,OK,done
61461,S&G,"I-280, EXIT 7                 ",Oregon,OH,550,3.599,3.599,41.6524,-83.4321,1689,41.63101,-83.48266,,"S&G, I-280, EXIT 7                 , Oregon, OH",1,OK,done
